../../../Project_WorkCell/Scene_rap_blue.wc.xml
CylinderBlue
x y #collisionFreeSolutions
-0.325 -0.525 2660
-0.2925 -0.525 2061
-0.26 -0.525 2393
-0.2275 -0.525 2537
-0.195 -0.525 2620
-0.1625 -0.525 2741
-0.13 -0.525 2826
-0.0975 -0.525 2913
-0.065 -0.525 2923
-0.0325 -0.525 2935
0 -0.525 2878
0.0325 -0.525 2419
0.065 -0.525 1880
0.0975 -0.525 1085
-0.325 -0.49 2651
-0.2925 -0.49 2055
-0.26 -0.49 2396
-0.2275 -0.49 2547
-0.195 -0.49 2635
-0.1625 -0.49 2746
-0.13 -0.49 2835
-0.0975 -0.49 2909
-0.065 -0.49 2928
-0.0325 -0.49 2935
0 -0.49 2885
0.0325 -0.49 2329
0.065 -0.49 1784
0.0975 -0.49 1000
-0.325 -0.455 2604
-0.2925 -0.455 2059
-0.26 -0.455 2379
-0.2275 -0.455 2532
-0.195 -0.455 2625
-0.1625 -0.455 2726
-0.13 -0.455 2818
-0.0975 -0.455 2907
-0.065 -0.455 2910
-0.0325 -0.455 2911
0 -0.455 2840
0.0325 -0.455 2428
0.065 -0.455 1844
0.0975 -0.455 1041
-0.325 -0.42 2574
-0.2925 -0.42 2062
-0.26 -0.42 2352
-0.2275 -0.42 2507
-0.195 -0.42 2603
-0.1625 -0.42 2697
-0.13 -0.42 2792
-0.0975 -0.42 2893
-0.065 -0.42 2898
-0.0325 -0.42 2900
0 -0.42 2850
0.0325 -0.42 2561
0.065 -0.42 2114
0.0975 -0.42 1350
-0.325 -0.385 2488
-0.2925 -0.385 2131
-0.26 -0.385 2285
-0.2275 -0.385 2485
-0.195 -0.385 2588
-0.1625 -0.385 2677
-0.13 -0.385 2768
-0.0975 -0.385 2871
-0.065 -0.385 2887
-0.0325 -0.385 2881
0 -0.385 2863
0.0325 -0.385 2711
0.065 -0.385 2417
0.0975 -0.385 1897
-0.325 -0.35 2449
-0.2925 -0.35 2146
-0.26 -0.35 2216
-0.2275 -0.35 2443
-0.195 -0.35 2555
-0.1625 -0.35 2639
-0.13 -0.35 2734
-0.0975 -0.35 2818
-0.065 -0.35 2876
-0.0325 -0.35 2883
0 -0.35 2870
0.0325 -0.35 2808
0.065 -0.35 2643
0.0975 -0.35 2425
-0.325 -0.315 2340
-0.2925 -0.315 2200
-0.26 -0.315 2088
-0.2275 -0.315 2392
-0.195 -0.315 2510
-0.1625 -0.315 2599
-0.13 -0.315 2691
-0.0975 -0.315 2774
-0.065 -0.315 2842
-0.0325 -0.315 2866
0 -0.315 2882
0.0325 -0.315 2878
0.065 -0.315 2767
0.0975 -0.315 2634
0.13 -0.315 2464
0.1625 -0.315 2061
0.195 -0.315 1295
0.2275 -0.315 776
0.26 -0.315 596
0.2925 -0.315 565
0.325 -0.315 564
-0.325 -0.28 2270
-0.2925 -0.28 2289
-0.26 -0.28 2054
-0.2275 -0.28 2282
-0.195 -0.28 2453
-0.1625 -0.28 2530
-0.13 -0.28 2622
-0.0975 -0.28 2718
-0.065 -0.28 2792
-0.0325 -0.28 2827
0 -0.28 2868
0.0325 -0.28 2913
0.065 -0.28 2846
0.0975 -0.28 2749
0.13 -0.28 2627
0.1625 -0.28 2427
0.195 -0.28 2073
0.2275 -0.28 1634
0.26 -0.28 1285
0.2925 -0.28 1177
0.325 -0.28 1200
-0.325 -0.245 2188
-0.2925 -0.245 2360
-0.26 -0.245 2035
-0.2275 -0.245 2153
-0.195 -0.245 2363
-0.1625 -0.245 2469
-0.13 -0.245 2551
-0.0975 -0.245 2657
-0.065 -0.245 2752
-0.0325 -0.245 2808
0 -0.245 2862
0.0325 -0.245 2911
0.065 -0.245 2899
0.0975 -0.245 2831
0.13 -0.245 2731
0.1625 -0.245 2597
0.195 -0.245 2413
0.2275 -0.245 2237
0.26 -0.245 2046
0.2925 -0.245 1964
0.325 -0.245 1999
-0.325 -0.21 2143
-0.2925 -0.21 2263
-0.26 -0.21 2214
-0.2275 -0.21 2025
-0.195 -0.21 2248
-0.1625 -0.21 2393
-0.13 -0.21 2483
-0.0975 -0.21 2590
-0.065 -0.21 2697
-0.0325 -0.21 2775
0 -0.21 2855
0.0325 -0.21 2917
0.065 -0.21 2971
0.0975 -0.21 2982
0.13 -0.21 2810
0.1625 -0.21 2718
0.195 -0.21 2634
0.2275 -0.21 2517
0.26 -0.21 2453
0.2925 -0.21 2507
0.325 -0.21 2631
-0.325 -0.175 1984
-0.2925 -0.175 2153
-0.26 -0.175 2323
-0.2275 -0.175 2025
-0.195 -0.175 2067
-0.1625 -0.175 2319
-0.13 -0.175 2443
-0.0975 -0.175 2532
-0.065 -0.175 2616
-0.0325 -0.175 2728
0 -0.175 2808
0.0325 -0.175 2875
0.065 -0.175 2948
0.0975 -0.175 2997
0.13 -0.175 3013
0.1625 -0.175 3062
0.195 -0.175 3100
0.2275 -0.175 3092
0.26 -0.175 3112
0.2925 -0.175 3130
0.325 -0.175 3151
-0.325 -0.14 1832
-0.2925 -0.14 2102
-0.26 -0.14 2284
-0.2275 -0.14 2321
-0.195 -0.14 2004
-0.1625 -0.14 2232
-0.13 -0.14 2394
-0.0975 -0.14 2491
-0.065 -0.14 2588
-0.0325 -0.14 2663
0 -0.14 2760
0.0325 -0.14 2841
0.065 -0.14 2914
0.0975 -0.14 2992
0.13 -0.14 3043
0.1625 -0.14 3074
0.195 -0.14 3122
0.2275 -0.14 3170
0.26 -0.14 3228
0.2925 -0.14 3280
0.325 -0.14 3317
-0.325 -0.105 1686
-0.2925 -0.105 1954
-0.26 -0.105 2171
-0.2275 -0.105 2387
-0.195 -0.105 2298
-0.1625 -0.105 2043
-0.13 -0.105 2289
-0.0975 -0.105 2434
-0.065 -0.105 2541
-0.0325 -0.105 2619
0 -0.105 2686
0.0325 -0.105 2765
0.065 -0.105 2847
0.0975 -0.105 2925
0.13 -0.105 3015
0.1625 -0.105 3076
0.195 -0.105 3128
0.2275 -0.105 3156
0.26 -0.105 3194
0.2925 -0.105 3237
0.325 -0.105 3293
-0.325 -0.07 1462
-0.2925 -0.07 1792
-0.26 -0.07 2058
-0.2275 -0.07 2239
-0.195 -0.07 2462
-0.1625 -0.07 2310
-0.13 -0.07 2113
-0.0975 -0.07 2338
-0.065 -0.07 2461
-0.0325 -0.07 2559
0 -0.07 2637
0.0325 -0.07 2704
0.065 -0.07 2776
0.0975 -0.07 2859
0.13 -0.07 2924
0.1625 -0.07 3002
0.195 -0.07 3059
0.2275 -0.07 3115
0.26 -0.07 3161
0.2925 -0.07 3206
0.325 -0.07 3231
-0.325 -0.035 1154
-0.2925 -0.035 1588
-0.26 -0.035 1879
-0.2275 -0.035 2111
-0.195 -0.035 2320
-0.1625 -0.035 2515
-0.13 -0.035 2431
-0.0975 -0.035 2204
-0.065 -0.035 2289
-0.0325 -0.035 2472
0 -0.035 2572
0.0325 -0.035 2646
0.065 -0.035 2725
0.0975 -0.035 2789
0.13 -0.035 2860
0.1625 -0.035 2913
0.195 -0.035 2991
0.2275 -0.035 3053
0.26 -0.035 3117
0.2925 -0.035 3164
0.325 -0.035 3190
-0.325 -1.80411e-16 927
-0.2925 -1.80411e-16 1214
-0.26 -1.80411e-16 1668
-0.2275 -1.80411e-16 1960
-0.195 -1.80411e-16 2151
-0.1625 -1.80411e-16 2360
-0.13 -1.80411e-16 2572
-0.0975 -1.80411e-16 2593
-0.065 -1.80411e-16 2340
-0.0325 -1.80411e-16 2351
0 -1.80411e-16 2491
0.0325 -1.80411e-16 2570
0.065 -1.80411e-16 2649
0.0975 -1.80411e-16 2724
0.13 -1.80411e-16 2805
0.1625 -1.80411e-16 2877
0.195 -1.80411e-16 2935
0.2275 -1.80411e-16 2983
0.26 -1.80411e-16 3047
0.2925 -1.80411e-16 3097
0.325 -1.80411e-16 3127
-0.325 0.035 792
-0.2925 0.035 1023
-0.26 0.035 1276
-0.2275 0.035 1710
-0.195 0.035 1999
-0.1625 0.035 2201
-0.13 0.035 2377
-0.0975 0.035 2583
-0.065 0.035 2694
-0.0325 0.035 2554
0 0.035 2480
0.0325 0.035 2469
0.065 0.035 2585
0.0975 0.035 2617
0.13 0.035 2686
0.1625 0.035 2773
0.195 0.035 2846
0.2275 0.035 2901
0.26 0.035 2964
0.2925 0.035 3005
0.325 0.035 3037
-0.325 0.07 640
-0.2925 0.07 851
-0.26 0.07 1070
-0.2275 0.07 1322
-0.195 0.07 1711
-0.1625 0.07 1986
-0.13 0.07 2217
-0.0975 0.07 2398
-0.065 0.07 2510
-0.0325 0.07 2725
0 0.07 2796
0.0325 0.07 2738
0.065 0.07 2646
0.0975 0.07 2636
0.13 0.07 2618
0.1625 0.07 2704
0.195 0.07 2726
0.2275 0.07 2774
0.26 0.07 2821
0.2925 0.07 2874
0.325 0.07 2939
-0.325 0.105 499
-0.2925 0.105 668
-0.26 0.105 856
-0.2275 0.105 1038
-0.195 0.105 1311
-0.1625 0.105 1700
-0.13 0.105 1977
-0.0975 0.105 2182
-0.065 0.105 2382
-0.0325 0.105 2548
0 0.105 2651
0.0325 0.105 2772
0.065 0.105 2893
0.0975 0.105 2984
0.13 0.105 3008
0.1625 0.105 2997
0.195 0.105 2967
0.2275 0.105 2928
0.26 0.105 2897
0.2925 0.105 2879
0.325 0.105 2962
-0.325 0.14 202
-0.2925 0.14 314
-0.26 0.14 439
-0.2275 0.14 573
-0.195 0.14 768
-0.1625 0.14 1058
-0.13 0.14 1475
-0.0975 0.14 1748
-0.065 0.14 2036
-0.0325 0.14 2282
0 0.14 2468
0.0325 0.14 2651
0.065 0.14 2778
0.0975 0.14 2911
0.13 0.14 3018
0.1625 0.14 3122
0.195 0.14 3218
0.2275 0.14 3335
0.26 0.14 3423
0.2925 0.14 3490
0.325 0.14 3530
-0.325 0.175 154
-0.2925 0.175 205
-0.26 0.175 270
-0.2275 0.175 338
-0.195 0.175 434
-0.1625 0.175 545
-0.13 0.175 670
-0.0975 0.175 870
-0.065 0.175 1233
-0.0325 0.175 1496
0 0.175 1806
0.0325 0.175 2075
0.065 0.175 2314
0.0975 0.175 2488
0.13 0.175 2683
0.1625 0.175 2857
0.195 0.175 2978
0.2275 0.175 3052
0.26 0.175 3110
0.2925 0.175 3167
0.325 0.175 3203
