../../../Project_WorkCell/Scene_rap_green.wc.xml
CylinderGreen
x y #collisionFreeSolutions
-0.325 -0.525 600
-0.2925 -0.525 409
-0.26 -0.525 386
-0.2275 -0.525 360
-0.195 -0.525 324
-0.1625 -0.525 288
-0.13 -0.525 250
-0.0975 -0.525 223
-0.065 -0.525 195
-0.0325 -0.525 174
0 -0.525 148
0.0325 -0.525 16
0.065 -0.525 68
0.0975 -0.525 110
-0.325 -0.49 561
-0.2925 -0.49 385
-0.26 -0.49 361
-0.2275 -0.49 334
-0.195 -0.49 301
-0.1625 -0.49 269
-0.13 -0.49 229
-0.0975 -0.49 197
-0.065 -0.49 166
-0.0325 -0.49 141
0 -0.49 98
0.0325 -0.49 6
0.065 -0.49 30
0.0975 -0.49 51
-0.325 -0.455 536
-0.2925 -0.455 365
-0.26 -0.455 344
-0.2275 -0.455 317
-0.195 -0.455 292
-0.1625 -0.455 250
-0.13 -0.455 216
-0.0975 -0.455 180
-0.065 -0.455 145
-0.0325 -0.455 119
0 -0.455 74
0.0325 -0.455 3
0.065 -0.455 4
0.0975 -0.455 7
-0.325 -0.42 520
-0.2925 -0.42 347
-0.26 -0.42 333
-0.2275 -0.42 311
-0.195 -0.42 280
-0.1625 -0.42 241
-0.13 -0.42 203
-0.0975 -0.42 171
-0.065 -0.42 149
-0.0325 -0.42 119
0 -0.42 90
0.0325 -0.42 33
0.065 -0.42 0
0.0975 -0.42 1
-0.325 -0.385 499
-0.2925 -0.385 345
-0.26 -0.385 335
-0.2275 -0.385 306
-0.195 -0.385 273
-0.1625 -0.385 240
-0.13 -0.385 206
-0.0975 -0.385 176
-0.065 -0.385 152
-0.0325 -0.385 142
0 -0.385 129
0.0325 -0.385 99
0.065 -0.385 28
0.0975 -0.385 0
-0.325 -0.35 465
-0.2925 -0.35 384
-0.26 -0.35 336
-0.2275 -0.35 308
-0.195 -0.35 287
-0.1625 -0.35 254
-0.13 -0.35 208
-0.0975 -0.35 194
-0.065 -0.35 178
-0.0325 -0.35 180
0 -0.35 181
0.0325 -0.35 182
0.065 -0.35 164
0.0975 -0.35 113
-0.325 -0.315 413
-0.2925 -0.315 472
-0.26 -0.315 340
-0.2275 -0.315 328
-0.195 -0.315 302
-0.1625 -0.315 269
-0.13 -0.315 241
-0.0975 -0.315 227
-0.065 -0.315 228
-0.0325 -0.315 249
0 -0.315 276
0.0325 -0.315 338
0.065 -0.315 386
0.0975 -0.315 432
0.13 -0.315 539
0.1625 -0.315 575
0.195 -0.315 479
0.2275 -0.315 471
0.26 -0.315 451
0.2925 -0.315 399
0.325 -0.315 388
-0.325 -0.28 350
-0.2925 -0.28 483
-0.26 -0.28 355
-0.2275 -0.28 343
-0.195 -0.28 327
-0.1625 -0.28 297
-0.13 -0.28 275
-0.0975 -0.28 277
-0.065 -0.28 294
-0.0325 -0.28 355
0 -0.28 388
0.0325 -0.28 440
0.065 -0.28 503
0.0975 -0.28 607
0.13 -0.28 732
0.1625 -0.28 855
0.195 -0.28 863
0.2275 -0.28 732
0.26 -0.28 651
0.2925 -0.28 649
0.325 -0.28 745
-0.325 -0.245 312
-0.2925 -0.245 453
-0.26 -0.245 395
-0.2275 -0.245 364
-0.195 -0.245 343
-0.1625 -0.245 320
-0.13 -0.245 319
-0.0975 -0.245 327
-0.065 -0.245 342
-0.0325 -0.245 410
0 -0.245 461
0.0325 -0.245 511
0.065 -0.245 607
0.0975 -0.245 717
0.13 -0.245 854
0.1625 -0.245 980
0.195 -0.245 1004
0.2275 -0.245 980
0.26 -0.245 978
0.2925 -0.245 1041
0.325 -0.245 1198
-0.325 -0.21 264
-0.2925 -0.21 391
-0.26 -0.21 457
-0.2275 -0.21 371
-0.195 -0.21 360
-0.1625 -0.21 364
-0.13 -0.21 356
-0.0975 -0.21 368
-0.065 -0.21 428
-0.0325 -0.21 466
0 -0.21 520
0.0325 -0.21 601
0.065 -0.21 685
0.0975 -0.21 806
0.13 -0.21 947
0.1625 -0.21 1057
0.195 -0.21 1127
0.2275 -0.21 1167
0.26 -0.21 1197
0.2925 -0.21 1329
0.325 -0.21 1549
-0.325 -0.175 214
-0.2925 -0.175 320
-0.26 -0.175 437
-0.2275 -0.175 379
-0.195 -0.175 386
-0.1625 -0.175 393
-0.13 -0.175 441
-0.0975 -0.175 455
-0.065 -0.175 494
-0.0325 -0.175 540
0 -0.175 591
0.0325 -0.175 671
0.065 -0.175 769
0.0975 -0.175 874
0.13 -0.175 998
0.1625 -0.175 1115
0.195 -0.175 1218
0.2275 -0.175 1339
0.26 -0.175 1465
0.2925 -0.175 1586
0.325 -0.175 1697
-0.325 -0.14 186
-0.2925 -0.14 267
-0.26 -0.14 395
-0.2275 -0.14 437
-0.195 -0.14 417
-0.1625 -0.14 448
-0.13 -0.14 478
-0.0975 -0.14 515
-0.065 -0.14 562
-0.0325 -0.14 617
0 -0.14 681
0.0325 -0.14 749
0.065 -0.14 835
0.0975 -0.14 942
0.13 -0.14 1057
0.1625 -0.14 1166
0.195 -0.14 1297
0.2275 -0.14 1419
0.26 -0.14 1542
0.2925 -0.14 1632
0.325 -0.14 1728
-0.325 -0.105 167
-0.2925 -0.105 227
-0.26 -0.105 314
-0.2275 -0.105 446
-0.195 -0.105 472
-0.1625 -0.105 463
-0.13 -0.105 534
-0.0975 -0.105 586
-0.065 -0.105 637
-0.0325 -0.105 689
0 -0.105 757
0.0325 -0.105 822
0.065 -0.105 904
0.0975 -0.105 1005
0.13 -0.105 1119
0.1625 -0.105 1241
0.195 -0.105 1352
0.2275 -0.105 1500
0.26 -0.105 1592
0.2925 -0.105 1668
0.325 -0.105 1740
-0.325 -0.07 148
-0.2925 -0.07 204
-0.26 -0.07 273
-0.2275 -0.07 369
-0.195 -0.07 488
-0.1625 -0.07 537
-0.13 -0.07 550
-0.0975 -0.07 627
-0.065 -0.07 697
-0.0325 -0.07 752
0 -0.07 816
0.0325 -0.07 891
0.065 -0.07 975
0.0975 -0.07 1070
0.13 -0.07 1184
0.1625 -0.07 1306
0.195 -0.07 1396
0.2275 -0.07 1534
0.26 -0.07 1613
0.2925 -0.07 1663
0.325 -0.07 1741
-0.325 -0.035 130
-0.2925 -0.035 183
-0.26 -0.035 248
-0.2275 -0.035 325
-0.195 -0.035 437
-0.1625 -0.035 551
-0.13 -0.035 603
-0.0975 -0.035 639
-0.065 -0.035 722
-0.0325 -0.035 800
0 -0.035 880
0.0325 -0.035 961
0.065 -0.035 1040
0.0975 -0.035 1143
0.13 -0.035 1245
0.1625 -0.035 1353
0.195 -0.035 1469
0.2275 -0.035 1564
0.26 -0.035 1623
0.2925 -0.035 1676
0.325 -0.035 1729
-0.325 -1.80411e-16 118
-0.2925 -1.80411e-16 155
-0.26 -1.80411e-16 228
-0.2275 -1.80411e-16 304
-0.195 -1.80411e-16 403
-0.1625 -1.80411e-16 507
-0.13 -1.80411e-16 636
-0.0975 -1.80411e-16 709
-0.065 -1.80411e-16 712
-0.0325 -1.80411e-16 808
0 -1.80411e-16 892
0.0325 -1.80411e-16 983
0.065 -1.80411e-16 1083
0.0975 -1.80411e-16 1183
0.13 -1.80411e-16 1283
0.1625 -1.80411e-16 1384
0.195 -1.80411e-16 1486
0.2275 -1.80411e-16 1575
0.26 -1.80411e-16 1627
0.2925 -1.80411e-16 1664
0.325 -1.80411e-16 1710
-0.325 0.035 104
-0.2925 0.035 143
-0.26 0.035 200
-0.2275 0.035 281
-0.195 0.035 362
-0.1625 0.035 462
-0.13 0.035 561
-0.0975 0.035 704
-0.065 0.035 857
-0.0325 0.035 865
0 0.035 877
0.0325 0.035 974
0.065 0.035 1086
0.0975 0.035 1176
0.13 0.035 1271
0.1625 0.035 1392
0.195 0.035 1462
0.2275 0.035 1553
0.26 0.035 1592
0.2925 0.035 1626
0.325 0.035 1654
-0.325 0.07 105
-0.2925 0.07 133
-0.26 0.07 170
-0.2275 0.07 237
-0.195 0.07 321
-0.1625 0.07 401
-0.13 0.07 504
-0.0975 0.07 621
-0.065 0.07 738
-0.0325 0.07 914
0 0.07 1038
0.0325 0.07 1065
0.065 0.07 1057
0.0975 0.07 1119
0.13 0.07 1209
0.1625 0.07 1325
0.195 0.07 1400
0.2275 0.07 1477
0.26 0.07 1520
0.2925 0.07 1541
0.325 0.07 1565
-0.325 0.105 94
-0.2925 0.105 122
-0.26 0.105 153
-0.2275 0.105 197
-0.195 0.105 273
-0.1625 0.105 342
-0.13 0.105 432
-0.0975 0.105 532
-0.065 0.105 655
-0.0325 0.105 795
0 0.105 944
0.0325 0.105 1112
0.065 0.105 1270
0.0975 0.105 1331
0.13 0.105 1378
0.1625 0.105 1340
0.195 0.105 1316
0.2275 0.105 1366
0.26 0.105 1415
0.2925 0.105 1439
0.325 0.105 1461
-0.325 0.14 71
-0.2925 0.14 92
-0.26 0.14 112
-0.2275 0.14 142
-0.195 0.14 175
-0.1625 0.14 242
-0.13 0.14 338
-0.0975 0.14 457
-0.065 0.14 559
-0.0325 0.14 690
0 0.14 810
0.0325 0.14 946
0.065 0.14 1083
0.0975 0.14 1288
0.13 0.14 1419
0.1625 0.14 1518
0.195 0.14 1627
0.2275 0.14 1761
0.26 0.14 1820
0.2925 0.14 1850
0.325 0.14 1844
-0.325 0.175 50
-0.2925 0.175 73
-0.26 0.175 91
-0.2275 0.175 119
-0.195 0.175 143
-0.1625 0.175 173
-0.13 0.175 224
-0.0975 0.175 283
-0.065 0.175 356
-0.0325 0.175 436
0 0.175 523
0.0325 0.175 667
0.065 0.175 834
0.0975 0.175 1055
0.13 0.175 1196
0.1625 0.175 1316
0.195 0.175 1431
0.2275 0.175 1507
0.26 0.175 1571
0.2925 0.175 1629
0.325 0.175 1662
