../../../Project_WorkCell/Scene.wc.xml
CylinderGreen
x y #collisionFreeSolutions
-0.325 -0.525 0
-0.2925 -0.525 0
-0.26 -0.525 0
-0.2275 -0.525 0
-0.195 -0.525 0
-0.1625 -0.525 0
-0.13 -0.525 0
-0.0975 -0.525 0
-0.065 -0.525 0
-0.0325 -0.525 0
0 -0.525 0
0.0325 -0.525 0
0.065 -0.525 0
0.0975 -0.525 0
-0.325 -0.49 0
-0.2925 -0.49 0
-0.26 -0.49 0
-0.2275 -0.49 0
-0.195 -0.49 0
-0.1625 -0.49 0
-0.13 -0.49 0
-0.0975 -0.49 0
-0.065 -0.49 0
-0.0325 -0.49 0
0 -0.49 0
0.0325 -0.49 0
0.065 -0.49 0
0.0975 -0.49 0
-0.325 -0.455 0
-0.2925 -0.455 0
-0.26 -0.455 0
-0.2275 -0.455 0
-0.195 -0.455 0
-0.1625 -0.455 0
-0.13 -0.455 0
-0.0975 -0.455 0
-0.065 -0.455 0
-0.0325 -0.455 0
0 -0.455 0
0.0325 -0.455 0
0.065 -0.455 0
0.0975 -0.455 0
-0.325 -0.42 0
-0.2925 -0.42 0
-0.26 -0.42 0
-0.2275 -0.42 0
-0.195 -0.42 0
-0.1625 -0.42 0
-0.13 -0.42 0
-0.0975 -0.42 0
-0.065 -0.42 0
-0.0325 -0.42 0
0 -0.42 0
0.0325 -0.42 0
0.065 -0.42 0
0.0975 -0.42 0
-0.325 -0.385 0
-0.2925 -0.385 0
-0.26 -0.385 0
-0.2275 -0.385 0
-0.195 -0.385 0
-0.1625 -0.385 0
-0.13 -0.385 0
-0.0975 -0.385 0
-0.065 -0.385 0
-0.0325 -0.385 0
0 -0.385 0
0.0325 -0.385 0
0.065 -0.385 0
0.0975 -0.385 0
-0.325 -0.35 0
-0.2925 -0.35 0
-0.26 -0.35 0
-0.2275 -0.35 0
-0.195 -0.35 0
-0.1625 -0.35 0
-0.13 -0.35 0
-0.0975 -0.35 0
-0.065 -0.35 0
-0.0325 -0.35 0
0 -0.35 0
0.0325 -0.35 0
0.065 -0.35 0
0.0975 -0.35 0
-0.325 -0.315 0
-0.2925 -0.315 0
-0.26 -0.315 0
-0.2275 -0.315 0
-0.195 -0.315 0
-0.1625 -0.315 0
-0.13 -0.315 0
-0.0975 -0.315 0
-0.065 -0.315 0
-0.0325 -0.315 0
0 -0.315 0
0.0325 -0.315 0
0.065 -0.315 0
0.0975 -0.315 0
0.13 -0.315 0
0.1625 -0.315 0
0.195 -0.315 0
0.2275 -0.315 0
0.26 -0.315 0
0.2925 -0.315 0
0.325 -0.315 0
-0.325 -0.28 0
-0.2925 -0.28 0
-0.26 -0.28 0
-0.2275 -0.28 0
-0.195 -0.28 0
-0.1625 -0.28 0
-0.13 -0.28 0
-0.0975 -0.28 0
-0.065 -0.28 0
-0.0325 -0.28 0
0 -0.28 0
0.0325 -0.28 0
0.065 -0.28 0
0.0975 -0.28 0
0.13 -0.28 0
0.1625 -0.28 0
0.195 -0.28 0
0.2275 -0.28 0
0.26 -0.28 0
0.2925 -0.28 0
0.325 -0.28 0
-0.325 -0.245 0
-0.2925 -0.245 0
-0.26 -0.245 0
-0.2275 -0.245 26
-0.195 -0.245 51
-0.1625 -0.245 63
-0.13 -0.245 90
-0.0975 -0.245 122
-0.065 -0.245 155
-0.0325 -0.245 165
0 -0.245 164
0.0325 -0.245 165
0.065 -0.245 155
0.0975 -0.245 122
0.13 -0.245 90
0.1625 -0.245 62
0.195 -0.245 51
0.2275 -0.245 26
0.26 -0.245 0
0.2925 -0.245 0
0.325 -0.245 0
-0.325 -0.21 79
-0.2925 -0.21 120
-0.26 -0.21 164
-0.2275 -0.21 219
-0.195 -0.21 285
-0.1625 -0.21 334
-0.13 -0.21 370
-0.0975 -0.21 393
-0.065 -0.21 414
-0.0325 -0.21 437
0 -0.21 440
0.0325 -0.21 437
0.065 -0.21 415
0.0975 -0.21 392
0.13 -0.21 370
0.1625 -0.21 334
0.195 -0.21 285
0.2275 -0.21 219
0.26 -0.21 164
0.2925 -0.21 120
0.325 -0.21 79
-0.325 -0.175 296
-0.2925 -0.175 389
-0.26 -0.175 461
-0.2275 -0.175 530
-0.195 -0.175 591
-0.1625 -0.175 599
-0.13 -0.175 656
-0.0975 -0.175 708
-0.065 -0.175 737
-0.0325 -0.175 748
0 -0.175 758
0.0325 -0.175 749
0.065 -0.175 737
0.0975 -0.175 707
0.13 -0.175 657
0.1625 -0.175 598
0.195 -0.175 591
0.2275 -0.175 530
0.26 -0.175 461
0.2925 -0.175 387
0.325 -0.175 296
-0.325 -0.14 574
-0.2925 -0.14 667
-0.26 -0.14 748
-0.2275 -0.14 843
-0.195 -0.14 944
-0.1625 -0.14 1064
-0.13 -0.14 1110
-0.0975 -0.14 1127
-0.065 -0.14 1177
-0.0325 -0.14 1196
0 -0.14 1202
0.0325 -0.14 1196
0.065 -0.14 1176
0.0975 -0.14 1128
0.13 -0.14 1109
0.1625 -0.14 1063
0.195 -0.14 945
0.2275 -0.14 841
0.26 -0.14 749
0.2925 -0.14 667
0.325 -0.14 574
-0.325 -0.105 867
-0.2925 -0.105 1026
-0.26 -0.105 1164
-0.2275 -0.105 1268
-0.195 -0.105 1356
-0.1625 -0.105 1425
-0.13 -0.105 1485
-0.0975 -0.105 1508
-0.065 -0.105 1495
-0.0325 -0.105 1514
0 -0.105 1515
0.0325 -0.105 1514
0.065 -0.105 1495
0.0975 -0.105 1508
0.13 -0.105 1486
0.1625 -0.105 1425
0.195 -0.105 1355
0.2275 -0.105 1268
0.26 -0.105 1161
0.2925 -0.105 1023
0.325 -0.105 867
-0.325 -0.07 1200
-0.2925 -0.07 1345
-0.26 -0.07 1484
-0.2275 -0.07 1582
-0.195 -0.07 1660
-0.1625 -0.07 1711
-0.13 -0.07 1763
-0.0975 -0.07 1795
-0.065 -0.07 1821
-0.0325 -0.07 1801
0 -0.07 1820
0.0325 -0.07 1802
0.065 -0.07 1814
0.0975 -0.07 1790
0.13 -0.07 1753
0.1625 -0.07 1708
0.195 -0.07 1652
0.2275 -0.07 1569
0.26 -0.07 1472
0.2925 -0.07 1329
0.325 -0.07 1184
-0.325 -0.035 1351
-0.2925 -0.035 1505
-0.26 -0.035 1615
-0.2275 -0.035 1732
-0.195 -0.035 1814
-0.1625 -0.035 1869
-0.13 -0.035 1908
-0.0975 -0.035 1929
-0.065 -0.035 1967
-0.0325 -0.035 1927
0 -0.035 1940
0.0325 -0.035 1924
0.065 -0.035 1955
0.0975 -0.035 1919
0.13 -0.035 1894
0.1625 -0.035 1859
0.195 -0.035 1794
0.2275 -0.035 1719
0.26 -0.035 1607
0.2925 -0.035 1486
0.325 -0.035 1337
-0.325 -1.80411e-16 1415
-0.2925 -1.80411e-16 1571
-0.26 -1.80411e-16 1697
-0.2275 -1.80411e-16 1808
-0.195 -1.80411e-16 1905
-0.1625 -1.80411e-16 1979
-0.13 -1.80411e-16 2006
-0.0975 -1.80411e-16 2026
-0.065 -1.80411e-16 2033
-0.0325 -1.80411e-16 2010
0 -1.80411e-16 2015
0.0325 -1.80411e-16 2011
0.065 -1.80411e-16 2030
0.0975 -1.80411e-16 2015
0.13 -1.80411e-16 1993
0.1625 -1.80411e-16 1961
0.195 -1.80411e-16 1894
0.2275 -1.80411e-16 1801
0.26 -1.80411e-16 1689
0.2925 -1.80411e-16 1561
0.325 -1.80411e-16 1411
-0.325 0.035 1298
-0.2925 0.035 1513
-0.26 0.035 1669
-0.2275 0.035 1781
-0.195 0.035 1884
-0.1625 0.035 1958
-0.13 0.035 1993
-0.0975 0.035 2021
-0.065 0.035 2036
-0.0325 0.035 2007
0 0.035 2017
0.0325 0.035 2011
0.065 0.035 2033
0.0975 0.035 2010
0.13 0.035 1984
0.1625 0.035 1945
0.195 0.035 1876
0.2275 0.035 1784
0.26 0.035 1673
0.2925 0.035 1517
0.325 0.035 1327
-0.325 0.07 1163
-0.2925 0.07 1274
-0.26 0.07 1464
-0.2275 0.07 1643
-0.195 0.07 1777
-0.1625 0.07 1857
-0.13 0.07 1915
-0.0975 0.07 1955
-0.065 0.07 1967
-0.0325 0.07 1940
0 0.07 1948
0.0325 0.07 1941
0.065 0.07 1961
0.0975 0.07 1946
0.13 0.07 1898
0.1625 0.07 1847
0.195 0.07 1775
0.2275 0.07 1656
0.26 0.07 1496
0.2925 0.07 1352
0.325 0.07 1212
-0.325 0.105 1148
-0.2925 0.105 1168
-0.26 0.105 1172
-0.2275 0.105 1364
-0.195 0.105 1492
-0.1625 0.105 1612
-0.13 0.105 1723
-0.0975 0.105 1772
-0.065 0.105 1818
-0.0325 0.105 1781
0 0.105 1789
0.0325 0.105 1782
0.065 0.105 1814
0.0975 0.105 1761
0.13 0.105 1711
0.1625 0.105 1601
0.195 0.105 1497
0.2275 0.105 1407
0.26 0.105 1316
0.2925 0.105 1201
0.325 0.105 1154
-0.325 0.14 1150
-0.2925 0.14 1146
-0.26 0.14 1136
-0.2275 0.14 1107
-0.195 0.14 1162
-0.1625 0.14 1245
-0.13 0.14 1300
-0.0975 0.14 1358
-0.065 0.14 1418
-0.0325 0.14 1453
0 0.14 1463
0.0325 0.14 1457
0.065 0.14 1417
0.0975 0.14 1351
0.13 0.14 1300
0.1625 0.14 1246
0.195 0.14 1203
0.2275 0.14 1145
0.26 0.14 1153
0.2925 0.14 1154
0.325 0.14 1153
-0.325 0.175 1124
-0.2925 0.175 1109
-0.26 0.175 1080
-0.2275 0.175 1046
-0.195 0.175 1000
-0.1625 0.175 991
-0.13 0.175 972
-0.0975 0.175 952
-0.065 0.175 885
-0.0325 0.175 858
0 0.175 808
0.0325 0.175 868
0.065 0.175 893
0.0975 0.175 959
0.13 0.175 983
0.1625 0.175 1008
0.195 0.175 1032
0.2275 0.175 1070
0.26 0.175 1102
0.2925 0.175 1123
0.325 0.175 1132
