../../../Project_WorkCell/Scene.wc.xml
CylinderBlue
x y #collisionFreeSolutions
-0.325 -0.525 0
-0.2925 -0.525 0
-0.26 -0.525 0
-0.2275 -0.525 0
-0.195 -0.525 0
-0.1625 -0.525 0
-0.13 -0.525 0
-0.0975 -0.525 0
-0.065 -0.525 0
-0.0325 -0.525 0
0 -0.525 0
0.0325 -0.525 0
0.065 -0.525 0
0.0975 -0.525 0
-0.325 -0.49 0
-0.2925 -0.49 0
-0.26 -0.49 0
-0.2275 -0.49 0
-0.195 -0.49 0
-0.1625 -0.49 0
-0.13 -0.49 0
-0.0975 -0.49 0
-0.065 -0.49 0
-0.0325 -0.49 0
0 -0.49 0
0.0325 -0.49 0
0.065 -0.49 0
0.0975 -0.49 0
-0.325 -0.455 2
-0.2925 -0.455 2
-0.26 -0.455 0
-0.2275 -0.455 0
-0.195 -0.455 0
-0.1625 -0.455 0
-0.13 -0.455 0
-0.0975 -0.455 0
-0.065 -0.455 0
-0.0325 -0.455 0
0 -0.455 0
0.0325 -0.455 0
0.065 -0.455 0
0.0975 -0.455 0
-0.325 -0.42 17
-0.2925 -0.42 14
-0.26 -0.42 8
-0.2275 -0.42 2
-0.195 -0.42 2
-0.1625 -0.42 0
-0.13 -0.42 0
-0.0975 -0.42 0
-0.065 -0.42 0
-0.0325 -0.42 0
0 -0.42 0
0.0325 -0.42 0
0.065 -0.42 0
0.0975 -0.42 0
-0.325 -0.385 37
-0.2925 -0.385 27
-0.26 -0.385 26
-0.2275 -0.385 16
-0.195 -0.385 11
-0.1625 -0.385 8
-0.13 -0.385 4
-0.0975 -0.385 2
-0.065 -0.385 0
-0.0325 -0.385 0
0 -0.385 0
0.0325 -0.385 0
0.065 -0.385 0
0.0975 -0.385 0
-0.325 -0.35 54
-0.2925 -0.35 40
-0.26 -0.35 34
-0.2275 -0.35 25
-0.195 -0.35 22
-0.1625 -0.35 17
-0.13 -0.35 16
-0.0975 -0.35 13
-0.065 -0.35 3
-0.0325 -0.35 0
0 -0.35 0
0.0325 -0.35 0
0.065 -0.35 0
0.0975 -0.35 0
-0.325 -0.315 71
-0.2925 -0.315 92
-0.26 -0.315 94
-0.2275 -0.315 100
-0.195 -0.315 85
-0.1625 -0.315 59
-0.13 -0.315 46
-0.0975 -0.315 17
-0.065 -0.315 15
-0.0325 -0.315 10
0 -0.315 6
0.0325 -0.315 0
0.065 -0.315 0
0.0975 -0.315 0
0.13 -0.315 0
0.1625 -0.315 0
0.195 -0.315 0
0.2275 -0.315 0
0.26 -0.315 0
0.2925 -0.315 0
0.325 -0.315 0
-0.325 -0.28 238
-0.2925 -0.28 254
-0.26 -0.28 268
-0.2275 -0.28 310
-0.195 -0.28 310
-0.1625 -0.28 303
-0.13 -0.28 299
-0.0975 -0.28 271
-0.065 -0.28 233
-0.0325 -0.28 181
0 -0.28 116
0.0325 -0.28 32
0.065 -0.28 0
0.0975 -0.28 0
0.13 -0.28 0
0.1625 -0.28 0
0.195 -0.28 0
0.2275 -0.28 0
0.26 -0.28 0
0.2925 -0.28 0
0.325 -0.28 0
-0.325 -0.245 440
-0.2925 -0.245 464
-0.26 -0.245 477
-0.2275 -0.245 487
-0.195 -0.245 528
-0.1625 -0.245 536
-0.13 -0.245 480
-0.0975 -0.245 455
-0.065 -0.245 441
-0.0325 -0.245 407
0 -0.245 351
0.0325 -0.245 293
0.065 -0.245 201
0.0975 -0.245 116
0.13 -0.245 17
0.1625 -0.245 0
0.195 -0.245 0
0.2275 -0.245 0
0.26 -0.245 0
0.2925 -0.245 0
0.325 -0.245 0
-0.325 -0.21 590
-0.2925 -0.21 627
-0.26 -0.21 651
-0.2275 -0.21 708
-0.195 -0.21 716
-0.1625 -0.21 727
-0.13 -0.21 720
-0.0975 -0.21 709
-0.065 -0.21 626
-0.0325 -0.21 604
0 -0.21 556
0.0325 -0.21 491
0.065 -0.21 424
0.0975 -0.21 355
0.13 -0.21 263
0.1625 -0.21 162
0.195 -0.21 70
0.2275 -0.21 0
0.26 -0.21 0
0.2925 -0.21 0
0.325 -0.21 0
-0.325 -0.175 756
-0.2925 -0.175 854
-0.26 -0.175 909
-0.2275 -0.175 1016
-0.195 -0.175 1035
-0.1625 -0.175 976
-0.13 -0.175 974
-0.0975 -0.175 954
-0.065 -0.175 871
-0.0325 -0.175 810
0 -0.175 758
0.0325 -0.175 694
0.065 -0.175 632
0.0975 -0.175 550
0.13 -0.175 474
0.1625 -0.175 386
0.195 -0.175 272
0.2275 -0.175 171
0.26 -0.175 27
0.2925 -0.175 0
0.325 -0.175 0
-0.325 -0.14 974
-0.2925 -0.14 1061
-0.26 -0.14 1136
-0.2275 -0.14 1261
-0.195 -0.14 1297
-0.1625 -0.14 1338
-0.13 -0.14 1344
-0.0975 -0.14 1256
-0.065 -0.14 1209
-0.0325 -0.14 1124
0 -0.14 1020
0.0325 -0.14 937
0.065 -0.14 851
0.0975 -0.14 758
0.13 -0.14 674
0.1625 -0.14 570
0.195 -0.14 470
0.2275 -0.14 360
0.26 -0.14 229
0.2925 -0.14 140
0.325 -0.14 0
-0.325 -0.105 1058
-0.2925 -0.105 1194
-0.26 -0.105 1319
-0.2275 -0.105 1498
-0.195 -0.105 1560
-0.1625 -0.105 1600
-0.13 -0.105 1594
-0.0975 -0.105 1544
-0.065 -0.105 1513
-0.0325 -0.105 1444
0 -0.105 1374
0.0325 -0.105 1280
0.065 -0.105 1110
0.0975 -0.105 994
0.13 -0.105 884
0.1625 -0.105 777
0.195 -0.105 656
0.2275 -0.105 555
0.26 -0.105 449
0.2925 -0.105 307
0.325 -0.105 201
-0.325 -0.07 1061
-0.2925 -0.07 1249
-0.26 -0.07 1398
-0.2275 -0.07 1613
-0.195 -0.07 1734
-0.1625 -0.07 1792
-0.13 -0.07 1792
-0.0975 -0.07 1789
-0.065 -0.07 1753
-0.0325 -0.07 1721
0 -0.07 1638
0.0325 -0.07 1568
0.065 -0.07 1462
0.0975 -0.07 1298
0.13 -0.07 1139
0.1625 -0.07 992
0.195 -0.07 868
0.2275 -0.07 754
0.26 -0.07 628
0.2925 -0.07 509
0.325 -0.07 375
-0.325 -0.035 1009
-0.2925 -0.035 1252
-0.26 -0.035 1493
-0.2275 -0.035 1655
-0.195 -0.035 1781
-0.1625 -0.035 1874
-0.13 -0.035 1898
-0.0975 -0.035 1913
-0.065 -0.035 1900
-0.0325 -0.035 1855
0 -0.035 1814
0.0325 -0.035 1740
0.065 -0.035 1649
0.0975 -0.035 1527
0.13 -0.035 1368
0.1625 -0.035 1191
0.195 -0.035 1057
0.2275 -0.035 933
0.26 -0.035 807
0.2925 -0.035 684
0.325 -0.035 561
-0.325 -1.80411e-16 971
-0.2925 -1.80411e-16 1195
-0.26 -1.80411e-16 1487
-0.2275 -1.80411e-16 1658
-0.195 -1.80411e-16 1827
-0.1625 -1.80411e-16 1879
-0.13 -1.80411e-16 1964
-0.0975 -1.80411e-16 1986
-0.065 -1.80411e-16 1992
-0.0325 -1.80411e-16 1969
0 -1.80411e-16 1921
0.0325 -1.80411e-16 1860
0.065 -1.80411e-16 1788
0.0975 -1.80411e-16 1660
0.13 -1.80411e-16 1512
0.1625 -1.80411e-16 1383
0.195 -1.80411e-16 1226
0.2275 -1.80411e-16 1047
0.26 -1.80411e-16 927
0.2925 -1.80411e-16 801
0.325 -1.80411e-16 693
-0.325 0.035 874
-0.2925 0.035 1148
-0.26 0.035 1424
-0.2275 0.035 1652
-0.195 0.035 1796
-0.1625 0.035 1873
-0.13 0.035 1958
-0.0975 0.035 2001
-0.065 0.035 2007
-0.0325 0.035 1999
0 0.035 1949
0.0325 0.035 1882
0.065 0.035 1788
0.0975 0.035 1641
0.13 0.035 1524
0.1625 0.035 1408
0.195 0.035 1281
0.2275 0.035 1102
0.26 0.035 968
0.2925 0.035 849
0.325 0.035 731
-0.325 0.07 822
-0.2925 0.07 1083
-0.26 0.07 1365
-0.2275 0.07 1549
-0.195 0.07 1703
-0.1625 0.07 1824
-0.13 0.07 1904
-0.0975 0.07 1939
-0.065 0.07 1942
-0.0325 0.07 1927
0 0.07 1868
0.0325 0.07 1760
0.065 0.07 1655
0.0975 0.07 1558
0.13 0.07 1452
0.1625 0.07 1368
0.195 0.07 1246
0.2275 0.07 1119
0.26 0.07 953
0.2925 0.07 804
0.325 0.07 723
-0.325 0.105 764
-0.2925 0.105 999
-0.26 0.105 1286
-0.2275 0.105 1457
-0.195 0.105 1605
-0.1625 0.105 1719
-0.13 0.105 1771
-0.0975 0.105 1775
-0.065 0.105 1711
-0.0325 0.105 1660
0 0.105 1618
0.0325 0.105 1562
0.065 0.105 1488
0.0975 0.105 1379
0.13 0.105 1307
0.1625 0.105 1211
0.195 0.105 1147
0.2275 0.105 1092
0.26 0.105 1013
0.2925 0.105 884
0.325 0.105 791
-0.325 0.14 672
-0.2925 0.14 995
-0.26 0.14 1205
-0.2275 0.14 1295
-0.195 0.14 1308
-0.1625 0.14 1358
-0.13 0.14 1357
-0.0975 0.14 1344
-0.065 0.14 1329
-0.0325 0.14 1317
0 0.14 1309
0.0325 0.14 1295
0.065 0.14 1271
0.0975 0.14 1269
0.13 0.14 1250
0.1625 0.14 1229
0.195 0.14 1196
0.2275 0.14 1155
0.26 0.14 1080
0.2925 0.14 985
0.325 0.14 856
-0.325 0.175 491
-0.2925 0.175 803
-0.26 0.175 869
-0.2275 0.175 789
-0.195 0.175 799
-0.1625 0.175 892
-0.13 0.175 1015
-0.0975 0.175 1052
-0.065 0.175 1102
-0.0325 0.175 1142
0 0.175 1191
0.0325 0.175 1221
0.065 0.175 1241
0.0975 0.175 1247
0.13 0.175 1255
0.1625 0.175 1240
0.195 0.175 1226
0.2275 0.175 1177
0.26 0.175 1105
0.2925 0.175 1022
0.325 0.175 892
