../../../Project_WorkCell/Scene.wc.xml
CylinderRed
x y #collisionFreeSolutions
-0.325 -0.525 0
-0.2925 -0.525 0
-0.26 -0.525 0
-0.2275 -0.525 0
-0.195 -0.525 0
-0.1625 -0.525 0
-0.13 -0.525 0
-0.0975 -0.525 0
-0.065 -0.525 0
-0.0325 -0.525 0
0 -0.525 0
0.0325 -0.525 0
0.065 -0.525 0
0.0975 -0.525 0
-0.325 -0.49 0
-0.2925 -0.49 0
-0.26 -0.49 0
-0.2275 -0.49 0
-0.195 -0.49 0
-0.1625 -0.49 0
-0.13 -0.49 0
-0.0975 -0.49 0
-0.065 -0.49 0
-0.0325 -0.49 0
0 -0.49 0
0.0325 -0.49 0
0.065 -0.49 0
0.0975 -0.49 0
-0.325 -0.455 0
-0.2925 -0.455 0
-0.26 -0.455 0
-0.2275 -0.455 0
-0.195 -0.455 0
-0.1625 -0.455 0
-0.13 -0.455 0
-0.0975 -0.455 0
-0.065 -0.455 0
-0.0325 -0.455 0
0 -0.455 0
0.0325 -0.455 0
0.065 -0.455 0
0.0975 -0.455 0
-0.325 -0.42 0
-0.2925 -0.42 0
-0.26 -0.42 0
-0.2275 -0.42 0
-0.195 -0.42 0
-0.1625 -0.42 0
-0.13 -0.42 0
-0.0975 -0.42 0
-0.065 -0.42 0
-0.0325 -0.42 0
0 -0.42 0
0.0325 -0.42 0
0.065 -0.42 0
0.0975 -0.42 0
-0.325 -0.385 0
-0.2925 -0.385 0
-0.26 -0.385 0
-0.2275 -0.385 0
-0.195 -0.385 0
-0.1625 -0.385 0
-0.13 -0.385 0
-0.0975 -0.385 0
-0.065 -0.385 0
-0.0325 -0.385 0
0 -0.385 0
0.0325 -0.385 0
0.065 -0.385 0
0.0975 -0.385 0
-0.325 -0.35 0
-0.2925 -0.35 0
-0.26 -0.35 0
-0.2275 -0.35 0
-0.195 -0.35 0
-0.1625 -0.35 0
-0.13 -0.35 0
-0.0975 -0.35 0
-0.065 -0.35 0
-0.0325 -0.35 0
0 -0.35 0
0.0325 -0.35 42
0.065 -0.35 66
0.0975 -0.35 100
-0.325 -0.315 0
-0.2925 -0.315 0
-0.26 -0.315 0
-0.2275 -0.315 0
-0.195 -0.315 0
-0.1625 -0.315 0
-0.13 -0.315 0
-0.0975 -0.315 5
-0.065 -0.315 145
-0.0325 -0.315 207
0 -0.315 259
0.0325 -0.315 172
0.065 -0.315 282
0.0975 -0.315 351
0.13 -0.315 383
0.1625 -0.315 399
0.195 -0.315 412
0.2275 -0.315 387
0.26 -0.315 382
0.2925 -0.315 365
0.325 -0.315 348
-0.325 -0.28 0
-0.2925 -0.28 0
-0.26 -0.28 0
-0.2275 -0.28 0
-0.195 -0.28 0
-0.1625 -0.28 9
-0.13 -0.28 176
-0.0975 -0.28 261
-0.065 -0.28 327
-0.0325 -0.28 382
0 -0.28 421
0.0325 -0.28 469
0.065 -0.28 501
0.0975 -0.28 534
0.13 -0.28 565
0.1625 -0.28 573
0.195 -0.28 568
0.2275 -0.28 537
0.26 -0.28 527
0.2925 -0.28 505
0.325 -0.28 492
-0.325 -0.245 0
-0.2925 -0.245 0
-0.26 -0.245 0
-0.2275 -0.245 5
-0.195 -0.245 174
-0.1625 -0.245 280
-0.13 -0.245 357
-0.0975 -0.245 416
-0.065 -0.245 495
-0.0325 -0.245 545
0 -0.245 600
0.0325 -0.245 635
0.065 -0.245 672
0.0975 -0.245 712
0.13 -0.245 733
0.1625 -0.245 734
0.195 -0.245 725
0.2275 -0.245 689
0.26 -0.245 683
0.2925 -0.245 659
0.325 -0.245 629
-0.325 -0.21 0
-0.2925 -0.21 0
-0.26 -0.21 103
-0.2275 -0.21 264
-0.195 -0.21 361
-0.1625 -0.21 438
-0.13 -0.21 527
-0.0975 -0.21 597
-0.065 -0.21 664
-0.0325 -0.21 725
0 -0.21 785
0.0325 -0.21 812
0.065 -0.21 865
0.0975 -0.21 889
0.13 -0.21 907
0.1625 -0.21 917
0.195 -0.21 925
0.2275 -0.21 924
0.26 -0.21 865
0.2925 -0.21 816
0.325 -0.21 770
-0.325 -0.175 0
-0.2925 -0.175 203
-0.26 -0.175 342
-0.2275 -0.175 441
-0.195 -0.175 532
-0.1625 -0.175 611
-0.13 -0.175 700
-0.0975 -0.175 778
-0.065 -0.175 854
-0.0325 -0.175 920
0 -0.175 981
0.0325 -0.175 1041
0.065 -0.175 1088
0.0975 -0.175 1131
0.13 -0.175 1242
0.1625 -0.175 1242
0.195 -0.175 1219
0.2275 -0.175 1201
0.26 -0.175 1094
0.2925 -0.175 1027
0.325 -0.175 957
-0.325 -0.14 261
-0.2925 -0.14 400
-0.26 -0.14 512
-0.2275 -0.14 613
-0.195 -0.14 711
-0.1625 -0.14 803
-0.13 -0.14 889
-0.0975 -0.14 985
-0.065 -0.14 1065
-0.0325 -0.14 1164
0 -0.14 1247
0.0325 -0.14 1389
0.065 -0.14 1431
0.0975 -0.14 1490
0.13 -0.14 1504
0.1625 -0.14 1504
0.195 -0.14 1476
0.2275 -0.14 1439
0.26 -0.14 1314
0.2925 -0.14 1217
0.325 -0.14 1115
-0.325 -0.105 447
-0.2925 -0.105 566
-0.26 -0.105 669
-0.2275 -0.105 763
-0.195 -0.105 874
-0.1625 -0.105 984
-0.13 -0.105 1091
-0.0975 -0.105 1189
-0.065 -0.105 1345
-0.0325 -0.105 1480
0 -0.105 1574
0.0325 -0.105 1650
0.065 -0.105 1704
0.0975 -0.105 1726
0.13 -0.105 1752
0.1625 -0.105 1755
0.195 -0.105 1706
0.2275 -0.105 1634
0.26 -0.105 1462
0.2925 -0.105 1333
0.325 -0.105 1180
-0.325 -0.07 601
-0.2925 -0.07 721
-0.26 -0.07 845
-0.2275 -0.07 954
-0.195 -0.07 1078
-0.1625 -0.07 1193
-0.13 -0.07 1333
-0.0975 -0.07 1493
-0.065 -0.07 1660
-0.0325 -0.07 1768
0 -0.07 1836
0.0325 -0.07 1897
0.065 -0.07 1935
0.0975 -0.07 1961
0.13 -0.07 1945
0.1625 -0.07 1922
0.195 -0.07 1848
0.2275 -0.07 1733
0.26 -0.07 1531
0.2925 -0.07 1393
0.325 -0.07 1193
-0.325 -0.035 779
-0.2925 -0.035 897
-0.26 -0.035 1006
-0.2275 -0.035 1127
-0.195 -0.035 1253
-0.1625 -0.035 1423
-0.13 -0.035 1568
-0.0975 -0.035 1719
-0.065 -0.035 1833
-0.0325 -0.035 1925
0 -0.035 1984
0.0325 -0.035 2036
0.065 -0.035 2073
0.0975 -0.035 2088
0.13 -0.035 2054
0.1625 -0.035 1986
0.195 -0.035 1912
0.2275 -0.035 1782
0.26 -0.035 1647
0.2925 -0.035 1384
0.325 -0.035 1174
-0.325 -1.80411e-16 887
-0.2925 -1.80411e-16 1015
-0.26 -1.80411e-16 1133
-0.2275 -1.80411e-16 1252
-0.195 -1.80411e-16 1434
-0.1625 -1.80411e-16 1590
-0.13 -1.80411e-16 1719
-0.0975 -1.80411e-16 1859
-0.065 -1.80411e-16 1962
-0.0325 -1.80411e-16 2044
0 -1.80411e-16 2108
0.0325 -1.80411e-16 2158
0.065 -1.80411e-16 2164
0.0975 -1.80411e-16 2157
0.13 -1.80411e-16 2121
0.1625 -1.80411e-16 2049
0.195 -1.80411e-16 1945
0.2275 -1.80411e-16 1810
0.26 -1.80411e-16 1644
0.2925 -1.80411e-16 1382
0.325 -1.80411e-16 1116
-0.325 0.035 942
-0.2925 0.035 1061
-0.26 0.035 1186
-0.2275 0.035 1350
-0.195 0.035 1490
-0.1625 0.035 1626
-0.13 0.035 1748
-0.0975 0.035 1860
-0.065 0.035 1989
-0.0325 0.035 2084
0 0.035 2145
0.0325 0.035 2176
0.065 0.035 2193
0.0975 0.035 2167
0.13 0.035 2131
0.1625 0.035 2037
0.195 0.035 1950
0.2275 0.035 1826
0.26 0.035 1641
0.2925 0.035 1367
0.325 0.035 1102
-0.325 0.07 771
-0.2925 0.07 959
-0.26 0.07 1152
-0.2275 0.07 1350
-0.195 0.07 1476
-0.1625 0.07 1575
-0.13 0.07 1686
-0.0975 0.07 1770
-0.065 0.07 1871
-0.0325 0.07 1969
0 0.07 2071
0.0325 0.07 2125
0.065 0.07 2139
0.0975 0.07 2122
0.13 0.07 2094
0.1625 0.07 2020
0.195 0.07 1917
0.2275 0.07 1820
0.26 0.07 1638
0.2925 0.07 1366
0.325 0.07 1095
-0.325 0.105 839
-0.2925 0.105 932
-0.26 0.105 1058
-0.2275 0.105 1142
-0.195 0.105 1217
-0.1625 0.105 1301
-0.13 0.105 1382
-0.0975 0.105 1492
-0.065 0.105 1618
-0.0325 0.105 1740
0 0.105 1821
0.0325 0.105 1884
0.065 0.105 1934
0.0975 0.105 1992
0.13 0.105 1976
0.1625 0.105 1940
0.195 0.105 1864
0.2275 0.105 1771
0.26 0.105 1592
0.2925 0.105 1332
0.325 0.105 1048
-0.325 0.14 907
-0.2925 0.14 1036
-0.26 0.14 1129
-0.2275 0.14 1204
-0.195 0.14 1257
-0.1625 0.14 1291
-0.13 0.14 1312
-0.0975 0.14 1321
-0.065 0.14 1331
-0.0325 0.14 1358
0 0.14 1380
0.0325 0.14 1409
0.065 0.14 1437
0.0975 0.14 1479
0.13 0.14 1531
0.1625 0.14 1639
0.195 0.14 1684
0.2275 0.14 1603
0.26 0.14 1482
0.2925 0.14 1225
0.325 0.14 862
-0.325 0.175 955
-0.2925 0.175 1080
-0.26 0.175 1158
-0.2275 0.175 1228
-0.195 0.175 1279
-0.1625 0.175 1299
-0.13 0.175 1306
-0.0975 0.175 1303
-0.065 0.175 1293
-0.0325 0.175 1282
0 0.175 1255
0.0325 0.175 1215
0.065 0.175 1192
0.0975 0.175 1164
0.13 0.175 1130
0.1625 0.175 1090
0.195 0.175 1047
0.2275 0.175 992
0.26 0.175 1023
0.2925 0.175 903
0.325 0.175 598
