../../Project_WorkCell/Scene.wc.xml
CylinderBlue
x y #collisionFreeSolutions
-0.325 -0.525 8
-0.2925 -0.525 10
-0.26 -0.525 18
-0.2275 -0.525 14
-0.195 -0.525 8
-0.1625 -0.525 6
-0.13 -0.525 4
-0.0975 -0.525 2
-0.065 -0.525 0
-0.0325 -0.525 0
0 -0.525 0
0.0325 -0.525 0
0.065 -0.525 0
0.0975 -0.525 0
-0.325 -0.49 162
-0.2925 -0.49 175
-0.26 -0.49 175
-0.2275 -0.49 178
-0.195 -0.49 173
-0.1625 -0.49 156
-0.13 -0.49 144
-0.0975 -0.49 119
-0.065 -0.49 79
-0.0325 -0.49 60
0 -0.49 32
0.0325 -0.49 4
0.065 -0.49 0
0.0975 -0.49 0
-0.325 -0.455 387
-0.2925 -0.455 383
-0.26 -0.455 391
-0.2275 -0.455 389
-0.195 -0.455 373
-0.1625 -0.455 353
-0.13 -0.455 316
-0.0975 -0.455 294
-0.065 -0.455 267
-0.0325 -0.455 224
0 -0.455 180
0.0325 -0.455 140
0.065 -0.455 81
0.0975 -0.455 55
-0.325 -0.42 703
-0.2925 -0.42 722
-0.26 -0.42 735
-0.2275 -0.42 724
-0.195 -0.42 712
-0.1625 -0.42 675
-0.13 -0.42 643
-0.0975 -0.42 579
-0.065 -0.42 471
-0.0325 -0.42 433
0 -0.42 378
0.0325 -0.42 298
0.065 -0.42 251
0.0975 -0.42 182
-0.325 -0.385 1220
-0.2925 -0.385 1270
-0.26 -0.385 1268
-0.2275 -0.385 1267
-0.195 -0.385 1243
-0.1625 -0.385 1177
-0.13 -0.385 1124
-0.0975 -0.385 1069
-0.065 -0.385 1017
-0.0325 -0.385 761
0 -0.385 698
0.0325 -0.385 603
0.065 -0.385 464
0.0975 -0.385 394
-0.325 -0.35 1281
-0.2925 -0.35 1255
-0.26 -0.35 1244
-0.2275 -0.35 1246
-0.195 -0.35 1245
-0.1625 -0.35 1254
-0.13 -0.35 1263
-0.0975 -0.35 1260
-0.065 -0.35 1247
-0.0325 -0.35 1196
0 -0.35 1139
0.0325 -0.35 1046
0.065 -0.35 953
0.0975 -0.35 699
-0.325 -0.315 1420
-0.2925 -0.315 1434
-0.26 -0.315 1440
-0.2275 -0.315 1441
-0.195 -0.315 1404
-0.1625 -0.315 1392
-0.13 -0.315 1376
-0.0975 -0.315 1366
-0.065 -0.315 1367
-0.0325 -0.315 1311
0 -0.315 1311
0.0325 -0.315 1261
0.065 -0.315 1210
0.0975 -0.315 1109
0.13 -0.315 1016
0.1625 -0.315 724
0.195 -0.315 593
0.2275 -0.315 441
0.26 -0.315 293
0.2925 -0.315 186
0.325 -0.315 104
-0.325 -0.28 1692
-0.2925 -0.28 1715
-0.26 -0.28 1704
-0.2275 -0.28 1707
-0.195 -0.28 1680
-0.1625 -0.28 1669
-0.13 -0.28 1635
-0.0975 -0.28 1562
-0.065 -0.28 1536
-0.0325 -0.28 1504
0 -0.28 1431
0.0325 -0.28 1406
0.065 -0.28 1343
0.0975 -0.28 1297
0.13 -0.28 1230
0.1625 -0.28 1153
0.195 -0.28 983
0.2275 -0.28 707
0.26 -0.28 507
0.2925 -0.28 408
0.325 -0.28 264
-0.325 -0.245 2006
-0.2925 -0.245 2038
-0.26 -0.245 2044
-0.2275 -0.245 2029
-0.195 -0.245 2008
-0.1625 -0.245 1945
-0.13 -0.245 1906
-0.0975 -0.245 1858
-0.065 -0.245 1805
-0.0325 -0.245 1731
0 -0.245 1670
0.0325 -0.245 1582
0.065 -0.245 1526
0.0975 -0.245 1448
0.13 -0.245 1388
0.1625 -0.245 1296
0.195 -0.245 1225
0.2275 -0.245 1110
0.26 -0.245 972
0.2925 -0.245 658
0.325 -0.245 461
-0.325 -0.21 2428
-0.2925 -0.21 2456
-0.26 -0.21 2463
-0.2275 -0.21 2470
-0.195 -0.21 2432
-0.1625 -0.21 2391
-0.13 -0.21 2344
-0.0975 -0.21 2253
-0.065 -0.21 2126
-0.0325 -0.21 2040
0 -0.21 1924
0.0325 -0.21 1828
0.065 -0.21 1721
0.0975 -0.21 1615
0.13 -0.21 1549
0.1625 -0.21 1450
0.195 -0.21 1358
0.2275 -0.21 1271
0.26 -0.21 1176
0.2925 -0.21 1009
0.325 -0.21 732
-0.325 -0.175 2748
-0.2925 -0.175 2771
-0.26 -0.175 2770
-0.2275 -0.175 2774
-0.195 -0.175 2746
-0.1625 -0.175 2731
-0.13 -0.175 2680
-0.0975 -0.175 2615
-0.065 -0.175 2553
-0.0325 -0.175 2426
0 -0.175 2327
0.0325 -0.175 2137
0.065 -0.175 1990
0.0975 -0.175 1869
0.13 -0.175 1740
0.1625 -0.175 1616
0.195 -0.175 1512
0.2275 -0.175 1403
0.26 -0.175 1261
0.2925 -0.175 1124
0.325 -0.175 965
-0.325 -0.14 3016
-0.2925 -0.14 3039
-0.26 -0.14 3038
-0.2275 -0.14 3028
-0.195 -0.14 3017
-0.1625 -0.14 2990
-0.13 -0.14 2935
-0.0975 -0.14 2902
-0.065 -0.14 2831
-0.0325 -0.14 2746
0 -0.14 2649
0.0325 -0.14 2531
0.065 -0.14 2384
0.0975 -0.14 2162
0.13 -0.14 1988
0.1625 -0.14 1844
0.195 -0.14 1704
0.2275 -0.14 1575
0.26 -0.14 1430
0.2925 -0.14 1298
0.325 -0.14 1131
-0.325 -0.105 3198
-0.2925 -0.105 3210
-0.26 -0.105 3220
-0.2275 -0.105 3206
-0.195 -0.105 3188
-0.1625 -0.105 3172
-0.13 -0.105 3147
-0.0975 -0.105 3111
-0.065 -0.105 3046
-0.0325 -0.105 2973
0 -0.105 2897
0.0325 -0.105 2793
0.065 -0.105 2674
0.0975 -0.105 2519
0.13 -0.105 2357
0.1625 -0.105 2112
0.195 -0.105 1933
0.2275 -0.105 1768
0.26 -0.105 1612
0.2925 -0.105 1453
0.325 -0.105 1310
-0.325 -0.07 3352
-0.2925 -0.07 3366
-0.26 -0.07 3368
-0.2275 -0.07 3369
-0.195 -0.07 3354
-0.1625 -0.07 3335
-0.13 -0.07 3315
-0.0975 -0.07 3270
-0.065 -0.07 3227
-0.0325 -0.07 3165
0 -0.07 3097
0.0325 -0.07 2997
0.065 -0.07 2896
0.0975 -0.07 2780
0.13 -0.07 2624
0.1625 -0.07 2443
0.195 -0.07 2184
0.2275 -0.07 1981
0.26 -0.07 1803
0.2925 -0.07 1640
0.325 -0.07 1479
-0.325 -0.035 3450
-0.2925 -0.035 3457
-0.26 -0.035 3474
-0.2275 -0.035 3469
-0.195 -0.035 3457
-0.1625 -0.035 3437
-0.13 -0.035 3412
-0.0975 -0.035 3380
-0.065 -0.035 3347
-0.0325 -0.035 3289
0 -0.035 3234
0.0325 -0.035 3156
0.065 -0.035 3061
0.0975 -0.035 2963
0.13 -0.035 2837
0.1625 -0.035 2694
0.195 -0.035 2497
0.2275 -0.035 2216
0.26 -0.035 2004
0.2925 -0.035 1814
0.325 -0.035 1638
-0.325 -1.80411e-16 3495
-0.2925 -1.80411e-16 3512
-0.26 -1.80411e-16 3510
-0.2275 -1.80411e-16 3505
-0.195 -1.80411e-16 3504
-0.1625 -1.80411e-16 3489
-0.13 -1.80411e-16 3461
-0.0975 -1.80411e-16 3433
-0.065 -1.80411e-16 3402
-0.0325 -1.80411e-16 3363
0 -1.80411e-16 3299
0.0325 -1.80411e-16 3237
0.065 -1.80411e-16 3161
0.0975 -1.80411e-16 3059
0.13 -1.80411e-16 2955
0.1625 -1.80411e-16 2809
0.195 -1.80411e-16 2651
0.2275 -1.80411e-16 2419
0.26 -1.80411e-16 2201
0.2925 -1.80411e-16 1943
0.325 -1.80411e-16 1756
-0.325 0.035 3490
-0.2925 0.035 3488
-0.26 0.035 3502
-0.2275 0.035 3506
-0.195 0.035 3497
-0.1625 0.035 3481
-0.13 0.035 3455
-0.0975 0.035 3420
-0.065 0.035 3393
-0.0325 0.035 3346
0 0.035 3295
0.0325 0.035 3228
0.065 0.035 3161
0.0975 0.035 3071
0.13 0.035 2949
0.1625 0.035 2799
0.195 0.035 2600
0.2275 0.035 2418
0.26 0.035 2233
0.2925 0.035 1987
0.325 0.035 1775
-0.325 0.07 3394
-0.2925 0.07 3416
-0.26 0.07 3422
-0.2275 0.07 3418
-0.195 0.07 3413
-0.1625 0.07 3372
-0.13 0.07 3327
-0.0975 0.07 3264
-0.065 0.07 3187
-0.0325 0.07 3106
0 0.07 2999
0.0325 0.07 2889
0.065 0.07 2699
0.0975 0.07 2548
0.13 0.07 2388
0.1625 0.07 2216
0.195 0.07 2059
0.2275 0.07 1828
0.26 0.07 1630
0.2925 0.07 1434
0.325 0.07 1207
-0.325 0.105 2820
-0.2925 0.105 2869
-0.26 0.105 2911
-0.2275 0.105 2907
-0.195 0.105 2870
-0.1625 0.105 2789
-0.13 0.105 2677
-0.0975 0.105 2477
-0.065 0.105 2270
-0.0325 0.105 2135
0 0.105 2030
0.0325 0.105 1960
0.065 0.105 1879
0.0975 0.105 1793
0.13 0.105 1741
0.1625 0.105 1700
0.195 0.105 1646
0.2275 0.105 1596
0.26 0.105 1524
0.2925 0.105 1408
0.325 0.105 1291
-0.325 0.14 1884
-0.2925 0.14 1887
-0.26 0.14 2001
-0.2275 0.14 1990
-0.195 0.14 1850
-0.1625 0.14 1831
-0.13 0.14 1815
-0.0975 0.14 1810
-0.065 0.14 1782
-0.0325 0.14 1761
0 0.14 1743
0.0325 0.14 1751
0.065 0.14 1755
0.0975 0.14 1757
0.13 0.14 1746
0.1625 0.14 1725
0.195 0.14 1685
0.2275 0.14 1630
0.26 0.14 1565
0.2925 0.14 1473
0.325 0.14 1374
-0.325 0.175 1238
-0.2925 0.175 991
-0.26 0.175 894
-0.2275 0.175 908
-0.195 0.175 1102
-0.1625 0.175 1235
-0.13 0.175 1340
-0.0975 0.175 1398
-0.065 0.175 1461
-0.0325 0.175 1545
0 0.175 1604
0.0325 0.175 1659
0.065 0.175 1697
0.0975 0.175 1707
0.13 0.175 1720
0.1625 0.175 1705
0.195 0.175 1678
0.2275 0.175 1641
0.26 0.175 1574
0.2925 0.175 1510
0.325 0.175 1408
