../../Project_WorkCell/Scene.wc.xml
CylinderGreen
x y #collisionFreeSolutions
-0.325 -0.525 0
-0.2925 -0.525 0
-0.26 -0.525 0
-0.2275 -0.525 0
-0.195 -0.525 0
-0.1625 -0.525 0
-0.13 -0.525 0
-0.0975 -0.525 0
-0.065 -0.525 0
-0.0325 -0.525 0
0 -0.525 0
0.0325 -0.525 0
0.065 -0.525 0
0.0975 -0.525 0
-0.325 -0.49 0
-0.2925 -0.49 0
-0.26 -0.49 0
-0.2275 -0.49 0
-0.195 -0.49 0
-0.1625 -0.49 38
-0.13 -0.49 53
-0.0975 -0.49 67
-0.065 -0.49 71
-0.0325 -0.49 76
0 -0.49 80
0.0325 -0.49 76
0.065 -0.49 71
0.0975 -0.49 67
-0.325 -0.455 0
-0.2925 -0.455 43
-0.26 -0.455 67
-0.2275 -0.455 127
-0.195 -0.455 163
-0.1625 -0.455 182
-0.13 -0.455 215
-0.0975 -0.455 250
-0.065 -0.455 267
-0.0325 -0.455 278
0 -0.455 286
0.0325 -0.455 278
0.065 -0.455 267
0.0975 -0.455 250
-0.325 -0.42 146
-0.2925 -0.42 173
-0.26 -0.42 259
-0.2275 -0.42 302
-0.195 -0.42 348
-0.1625 -0.42 422
-0.13 -0.42 472
-0.0975 -0.42 503
-0.065 -0.42 532
-0.0325 -0.42 531
0 -0.42 536
0.0325 -0.42 532
0.065 -0.42 532
0.0975 -0.42 503
-0.325 -0.385 319
-0.2925 -0.385 449
-0.26 -0.385 514
-0.2275 -0.385 734
-0.195 -0.385 789
-0.1625 -0.385 804
-0.13 -0.385 841
-0.0975 -0.385 895
-0.065 -0.385 853
-0.0325 -0.385 857
0 -0.385 859
0.0325 -0.385 855
0.065 -0.385 852
0.0975 -0.385 894
-0.325 -0.35 768
-0.2925 -0.35 822
-0.26 -0.35 928
-0.2275 -0.35 922
-0.195 -0.35 940
-0.1625 -0.35 974
-0.13 -0.35 992
-0.0975 -0.35 999
-0.065 -0.35 1002
-0.0325 -0.35 1005
0 -0.35 1001
0.0325 -0.35 1003
0.065 -0.35 996
0.0975 -0.35 994
-0.325 -0.315 943
-0.2925 -0.315 1023
-0.26 -0.315 1053
-0.2275 -0.315 1084
-0.195 -0.315 1138
-0.1625 -0.315 1155
-0.13 -0.315 1178
-0.0975 -0.315 1208
-0.065 -0.315 1227
-0.0325 -0.315 1245
0 -0.315 1236
0.0325 -0.315 1245
0.065 -0.315 1224
0.0975 -0.315 1205
0.13 -0.315 1171
0.1625 -0.315 1142
0.195 -0.315 1124
0.2275 -0.315 1072
0.26 -0.315 1036
0.2925 -0.315 1009
0.325 -0.315 932
-0.325 -0.28 1136
-0.2925 -0.28 1188
-0.26 -0.28 1235
-0.2275 -0.28 1297
-0.195 -0.28 1331
-0.1625 -0.28 1384
-0.13 -0.28 1425
-0.0975 -0.28 1458
-0.065 -0.28 1459
-0.0325 -0.28 1474
0 -0.28 1480
0.0325 -0.28 1471
0.065 -0.28 1451
0.0975 -0.28 1445
0.13 -0.28 1411
0.1625 -0.28 1368
0.195 -0.28 1312
0.2275 -0.28 1275
0.26 -0.28 1210
0.2925 -0.28 1160
0.325 -0.28 1105
-0.325 -0.245 1327
-0.2925 -0.245 1388
-0.26 -0.245 1472
-0.2275 -0.245 1522
-0.195 -0.245 1602
-0.1625 -0.245 1651
-0.13 -0.245 1692
-0.0975 -0.245 1754
-0.065 -0.245 1773
-0.0325 -0.245 1791
0 -0.245 1797
0.0325 -0.245 1786
0.065 -0.245 1762
0.0975 -0.245 1735
0.13 -0.245 1674
0.1625 -0.245 1632
0.195 -0.245 1581
0.2275 -0.245 1497
0.26 -0.245 1444
0.2925 -0.245 1352
0.325 -0.245 1291
-0.325 -0.21 1536
-0.2925 -0.21 1640
-0.26 -0.21 1718
-0.2275 -0.21 1825
-0.195 -0.21 1892
-0.1625 -0.21 2045
-0.13 -0.21 2093
-0.0975 -0.21 2137
-0.065 -0.21 2184
-0.0325 -0.21 2215
0 -0.21 2219
0.0325 -0.21 2211
0.065 -0.21 2166
0.0975 -0.21 2120
0.13 -0.21 2071
0.1625 -0.21 2021
0.195 -0.21 1868
0.2275 -0.21 1792
0.26 -0.21 1681
0.2925 -0.21 1599
0.325 -0.21 1494
-0.325 -0.175 1778
-0.2925 -0.175 1910
-0.26 -0.175 2089
-0.2275 -0.175 2184
-0.195 -0.175 2279
-0.1625 -0.175 2341
-0.13 -0.175 2391
-0.0975 -0.175 2430
-0.065 -0.175 2456
-0.0325 -0.175 2456
0 -0.175 2460
0.0325 -0.175 2459
0.065 -0.175 2440
0.0975 -0.175 2412
0.13 -0.175 2370
0.1625 -0.175 2309
0.195 -0.175 2258
0.2275 -0.175 2148
0.26 -0.175 2052
0.2925 -0.175 1869
0.325 -0.175 1741
-0.325 -0.14 2139
-0.2925 -0.14 2270
-0.26 -0.14 2371
-0.2275 -0.14 2464
-0.195 -0.14 2521
-0.1625 -0.14 2587
-0.13 -0.14 2609
-0.0975 -0.14 2654
-0.065 -0.14 2681
-0.0325 -0.14 2688
0 -0.14 2695
0.0325 -0.14 2687
0.065 -0.14 2670
0.0975 -0.14 2638
0.13 -0.14 2591
0.1625 -0.14 2564
0.195 -0.14 2494
0.2275 -0.14 2432
0.26 -0.14 2337
0.2925 -0.14 2234
0.325 -0.14 2109
-0.325 -0.105 2393
-0.2925 -0.105 2514
-0.26 -0.105 2589
-0.2275 -0.105 2663
-0.195 -0.105 2713
-0.1625 -0.105 2759
-0.13 -0.105 2791
-0.0975 -0.105 2815
-0.065 -0.105 2830
-0.0325 -0.105 2836
0 -0.105 2851
0.0325 -0.105 2834
0.065 -0.105 2822
0.0975 -0.105 2809
0.13 -0.105 2775
0.1625 -0.105 2738
0.195 -0.105 2690
0.2275 -0.105 2634
0.26 -0.105 2560
0.2925 -0.105 2482
0.325 -0.105 2366
-0.325 -0.07 2607
-0.2925 -0.07 2707
-0.26 -0.07 2772
-0.2275 -0.07 2828
-0.195 -0.07 2882
-0.1625 -0.07 2909
-0.13 -0.07 2932
-0.0975 -0.07 2957
-0.065 -0.07 2967
-0.0325 -0.07 2981
0 -0.07 2980
0.0325 -0.07 2976
0.065 -0.07 2971
0.0975 -0.07 2945
0.13 -0.07 2920
0.1625 -0.07 2897
0.195 -0.07 2864
0.2275 -0.07 2805
0.26 -0.07 2743
0.2925 -0.07 2679
0.325 -0.07 2579
-0.325 -0.035 2751
-0.2925 -0.035 2831
-0.26 -0.035 2893
-0.2275 -0.035 2943
-0.195 -0.035 2983
-0.1625 -0.035 3011
-0.13 -0.035 3035
-0.0975 -0.035 3043
-0.065 -0.035 3055
-0.0325 -0.035 3067
0 -0.035 3063
0.0325 -0.035 3068
0.065 -0.035 3055
0.0975 -0.035 3045
0.13 -0.035 3022
0.1625 -0.035 3000
0.195 -0.035 2969
0.2275 -0.035 2929
0.26 -0.035 2877
0.2925 -0.035 2802
0.325 -0.035 2728
-0.325 -1.80411e-16 2843
-0.2925 -1.80411e-16 2905
-0.26 -1.80411e-16 2972
-0.2275 -1.80411e-16 3002
-0.195 -1.80411e-16 3040
-0.1625 -1.80411e-16 3068
-0.13 -1.80411e-16 3085
-0.0975 -1.80411e-16 3104
-0.065 -1.80411e-16 3111
-0.0325 -1.80411e-16 3119
0 -1.80411e-16 3130
0.0325 -1.80411e-16 3124
0.065 -1.80411e-16 3105
0.0975 -1.80411e-16 3102
0.13 -1.80411e-16 3082
0.1625 -1.80411e-16 3058
0.195 -1.80411e-16 3033
0.2275 -1.80411e-16 2982
0.26 -1.80411e-16 2953
0.2925 -1.80411e-16 2888
0.325 -1.80411e-16 2816
-0.325 0.035 2835
-0.2925 0.035 2907
-0.26 0.035 2965
-0.2275 0.035 3009
-0.195 0.035 3034
-0.1625 0.035 3066
-0.13 0.035 3087
-0.0975 0.035 3098
-0.065 0.035 3122
-0.0325 0.035 3127
0 0.035 3132
0.0325 0.035 3133
0.065 0.035 3122
0.0975 0.035 3099
0.13 0.035 3074
0.1625 0.035 3058
0.195 0.035 3021
0.2275 0.035 2990
0.26 0.035 2944
0.2925 0.035 2887
0.325 0.035 2812
-0.325 0.07 2416
-0.2925 0.07 2589
-0.26 0.07 2719
-0.2275 0.07 2815
-0.195 0.07 2902
-0.1625 0.07 2968
-0.13 0.07 3007
-0.0975 0.07 3040
-0.065 0.07 3055
-0.0325 0.07 3060
0 0.07 3062
0.0325 0.07 3057
0.065 0.07 3040
0.0975 0.07 3024
0.13 0.07 2990
0.1625 0.07 2951
0.195 0.07 2883
0.2275 0.07 2792
0.26 0.07 2688
0.2925 0.07 2549
0.325 0.07 2379
-0.325 0.105 1659
-0.2925 0.105 1721
-0.26 0.105 1801
-0.2275 0.105 1904
-0.195 0.105 2004
-0.1625 0.105 2148
-0.13 0.105 2397
-0.0975 0.105 2545
-0.065 0.105 2626
-0.0325 0.105 2667
0 0.105 2686
0.0325 0.105 2667
0.065 0.105 2618
0.0975 0.105 2521
0.13 0.105 2372
0.1625 0.105 2122
0.195 0.105 1973
0.2275 0.105 1875
0.26 0.105 1781
0.2925 0.105 1688
0.325 0.105 1624
-0.325 0.14 1590
-0.2925 0.14 1586
-0.26 0.14 1567
-0.2275 0.14 1557
-0.195 0.14 1593
-0.1625 0.14 1614
-0.13 0.14 1627
-0.0975 0.14 1637
-0.065 0.14 1666
-0.0325 0.14 1720
0 0.14 1839
0.0325 0.14 1721
0.065 0.14 1667
0.0975 0.14 1631
0.13 0.14 1625
0.1625 0.14 1609
0.195 0.14 1579
0.2275 0.14 1551
0.26 0.14 1568
0.2925 0.14 1577
0.325 0.14 1579
-0.325 0.175 1536
-0.2925 0.175 1509
-0.26 0.175 1459
-0.2275 0.175 1400
-0.195 0.175 1318
-0.1625 0.175 1245
-0.13 0.175 1184
-0.0975 0.175 1122
-0.065 0.175 984
-0.0325 0.175 792
0 0.175 721
0.0325 0.175 798
0.065 0.175 987
0.0975 0.175 1123
0.13 0.175 1195
0.1625 0.175 1266
0.195 0.175 1349
0.2275 0.175 1431
0.26 0.175 1479
0.2925 0.175 1515
0.325 0.175 1530
