../../Project_WorkCell/Scene.wc.xml
CylinderRed
x y #collisionFreeSolutions
-0.325 -0.525 0
-0.2925 -0.525 0
-0.26 -0.525 0
-0.2275 -0.525 0
-0.195 -0.525 0
-0.1625 -0.525 0
-0.13 -0.525 0
-0.0975 -0.525 0
-0.065 -0.525 0
-0.0325 -0.525 2
0 -0.525 18
0.0325 -0.525 40
0.065 -0.525 50
0.0975 -0.525 82
-0.325 -0.49 0
-0.2925 -0.49 0
-0.26 -0.49 0
-0.2275 -0.49 0
-0.195 -0.49 0
-0.1625 -0.49 0
-0.13 -0.49 0
-0.0975 -0.49 14
-0.065 -0.49 39
-0.0325 -0.49 83
0 -0.49 115
0.0325 -0.49 155
0.065 -0.49 186
0.0975 -0.49 204
-0.325 -0.455 0
-0.2925 -0.455 0
-0.26 -0.455 0
-0.2275 -0.455 0
-0.195 -0.455 0
-0.1625 -0.455 19
-0.13 -0.455 78
-0.0975 -0.455 120
-0.065 -0.455 180
-0.0325 -0.455 236
0 -0.455 271
0.0325 -0.455 306
0.065 -0.455 371
0.0975 -0.455 395
-0.325 -0.42 0
-0.2925 -0.42 0
-0.26 -0.42 0
-0.2275 -0.42 29
-0.195 -0.42 87
-0.1625 -0.42 145
-0.13 -0.42 223
-0.0975 -0.42 278
-0.065 -0.42 343
-0.0325 -0.42 409
0 -0.42 463
0.0325 -0.42 582
0.065 -0.42 632
0.0975 -0.42 675
-0.325 -0.385 0
-0.2925 -0.385 8
-0.26 -0.385 69
-0.2275 -0.385 152
-0.195 -0.385 226
-0.1625 -0.385 293
-0.13 -0.385 417
-0.0975 -0.385 503
-0.065 -0.385 617
-0.0325 -0.385 696
0 -0.385 862
0.0325 -0.385 968
0.065 -0.385 1182
0.0975 -0.385 1252
-0.325 -0.35 53
-0.2925 -0.35 134
-0.26 -0.35 221
-0.2275 -0.35 300
-0.195 -0.35 420
-0.1625 -0.35 572
-0.13 -0.35 669
-0.0975 -0.35 861
-0.065 -0.35 975
-0.0325 -0.35 1236
0 -0.35 1349
0.0325 -0.35 1471
0.065 -0.35 1518
0.0975 -0.35 1569
-0.325 -0.315 172
-0.2925 -0.315 279
-0.26 -0.315 414
-0.2275 -0.315 552
-0.195 -0.315 673
-0.1625 -0.315 886
-0.13 -0.315 1170
-0.0975 -0.315 1297
-0.065 -0.315 1439
-0.0325 -0.315 1476
0 -0.315 1581
0.0325 -0.315 1603
0.065 -0.315 1629
0.0975 -0.315 1650
0.13 -0.315 1648
0.1625 -0.315 1634
0.195 -0.315 1630
0.2275 -0.315 1635
0.26 -0.315 1644
0.2925 -0.315 1638
0.325 -0.315 1637
-0.325 -0.28 366
-0.2925 -0.28 460
-0.26 -0.28 640
-0.2275 -0.28 859
-0.195 -0.28 1156
-0.1625 -0.28 1272
-0.13 -0.28 1414
-0.0975 -0.28 1529
-0.065 -0.28 1579
-0.0325 -0.28 1628
0 -0.28 1680
0.0325 -0.28 1704
0.065 -0.28 1741
0.0975 -0.28 1750
0.13 -0.28 1773
0.1625 -0.28 1827
0.195 -0.28 1845
0.2275 -0.28 1888
0.26 -0.28 1894
0.2925 -0.28 1887
0.325 -0.28 1860
-0.325 -0.245 575
-0.2925 -0.245 748
-0.26 -0.245 920
-0.2275 -0.245 1222
-0.195 -0.245 1391
-0.1625 -0.245 1533
-0.13 -0.245 1587
-0.0975 -0.245 1653
-0.065 -0.245 1705
-0.0325 -0.245 1783
0 -0.245 1801
0.0325 -0.245 1888
0.065 -0.245 1932
0.0975 -0.245 2006
0.13 -0.245 2057
0.1625 -0.245 2093
0.195 -0.245 2122
0.2275 -0.245 2140
0.26 -0.245 2155
0.2925 -0.245 2145
0.325 -0.245 2128
-0.325 -0.21 838
-0.2925 -0.21 1163
-0.26 -0.21 1328
-0.2275 -0.21 1422
-0.195 -0.21 1487
-0.1625 -0.21 1593
-0.13 -0.21 1691
-0.0975 -0.21 1771
-0.065 -0.21 1847
-0.0325 -0.21 1930
0 -0.21 2044
0.0325 -0.21 2144
0.065 -0.21 2256
0.0975 -0.21 2325
0.13 -0.21 2470
0.1625 -0.21 2526
0.195 -0.21 2557
0.2275 -0.21 2583
0.26 -0.21 2594
0.2925 -0.21 2575
0.325 -0.21 2547
-0.325 -0.175 1050
-0.2925 -0.175 1221
-0.26 -0.175 1366
-0.2275 -0.175 1513
-0.195 -0.175 1608
-0.1625 -0.175 1736
-0.13 -0.175 1852
-0.0975 -0.175 1978
-0.065 -0.175 2097
-0.0325 -0.175 2250
0 -0.175 2415
0.0325 -0.175 2555
0.065 -0.175 2671
0.0975 -0.175 2749
0.13 -0.175 2807
0.1625 -0.175 2874
0.195 -0.175 2911
0.2275 -0.175 2924
0.26 -0.175 2933
0.2925 -0.175 2916
0.325 -0.175 2899
-0.325 -0.14 1217
-0.2925 -0.14 1385
-0.26 -0.14 1534
-0.2275 -0.14 1683
-0.195 -0.14 1808
-0.1625 -0.14 1941
-0.13 -0.14 2098
-0.0975 -0.14 2273
-0.065 -0.14 2502
-0.0325 -0.14 2651
0 -0.14 2790
0.0325 -0.14 2905
0.065 -0.14 2970
0.0975 -0.14 3056
0.13 -0.14 3096
0.1625 -0.14 3139
0.195 -0.14 3169
0.2275 -0.14 3191
0.26 -0.14 3199
0.2925 -0.14 3187
0.325 -0.14 3166
-0.325 -0.105 1398
-0.2925 -0.105 1561
-0.26 -0.105 1714
-0.2275 -0.105 1859
-0.195 -0.105 2027
-0.1625 -0.105 2210
-0.13 -0.105 2432
-0.0975 -0.105 2638
-0.065 -0.105 2803
-0.0325 -0.105 2932
0 -0.105 3044
0.0325 -0.105 3140
0.065 -0.105 3201
0.0975 -0.105 3254
0.13 -0.105 3303
0.1625 -0.105 3325
0.195 -0.105 3361
0.2275 -0.105 3373
0.26 -0.105 3393
0.2925 -0.105 3378
0.325 -0.105 3345
-0.325 -0.07 1570
-0.2925 -0.07 1735
-0.26 -0.07 1914
-0.2275 -0.07 2090
-0.195 -0.07 2293
-0.1625 -0.07 2555
-0.13 -0.07 2753
-0.0975 -0.07 2914
-0.065 -0.07 3040
-0.0325 -0.07 3152
0 -0.07 3244
0.0325 -0.07 3314
0.065 -0.07 3379
0.0975 -0.07 3427
0.13 -0.07 3473
0.1625 -0.07 3493
0.195 -0.07 3514
0.2275 -0.07 3546
0.26 -0.07 3544
0.2925 -0.07 3537
0.325 -0.07 3509
-0.325 -0.035 1725
-0.2925 -0.035 1912
-0.26 -0.035 2102
-0.2275 -0.035 2321
-0.195 -0.035 2599
-0.1625 -0.035 2820
-0.13 -0.035 2971
-0.0975 -0.035 3101
-0.065 -0.035 3215
-0.0325 -0.035 3318
0 -0.035 3391
0.0325 -0.035 3458
0.065 -0.035 3503
0.0975 -0.035 3544
0.13 -0.035 3580
0.1625 -0.035 3591
0.195 -0.035 3628
0.2275 -0.035 3635
0.26 -0.035 3646
0.2925 -0.035 3628
0.325 -0.035 3608
-0.325 -1.80411e-16 1848
-0.2925 -1.80411e-16 2044
-0.26 -1.80411e-16 2265
-0.2275 -1.80411e-16 2542
-0.195 -1.80411e-16 2774
-0.1625 -1.80411e-16 2955
-0.13 -1.80411e-16 3092
-0.0975 -1.80411e-16 3213
-0.065 -1.80411e-16 3317
-0.0325 -1.80411e-16 3406
0 -1.80411e-16 3468
0.0325 -1.80411e-16 3529
0.065 -1.80411e-16 3577
0.0975 -1.80411e-16 3597
0.13 -1.80411e-16 3630
0.1625 -1.80411e-16 3644
0.195 -1.80411e-16 3668
0.2275 -1.80411e-16 3679
0.26 -1.80411e-16 3683
0.2925 -1.80411e-16 3663
0.325 -1.80411e-16 3656
-0.325 0.035 1885
-0.2925 0.035 2096
-0.26 0.035 2357
-0.2275 0.035 2549
-0.195 0.035 2745
-0.1625 0.035 2947
-0.13 0.035 3101
-0.0975 0.035 3218
-0.065 0.035 3315
-0.0325 0.035 3396
0 0.035 3459
0.0325 0.035 3505
0.065 0.035 3554
0.0975 0.035 3596
0.13 0.035 3625
0.1625 0.035 3648
0.195 0.035 3665
0.2275 0.035 3676
0.26 0.035 3676
0.2925 0.035 3665
0.325 0.035 3658
-0.325 0.07 1276
-0.2925 0.07 1505
-0.26 0.07 1714
-0.2275 0.07 1922
-0.195 0.07 2157
-0.1625 0.07 2351
-0.13 0.07 2523
-0.0975 0.07 2674
-0.065 0.07 2869
-0.0325 0.07 3011
0 0.07 3135
0.0325 0.07 3247
0.065 0.07 3337
0.0975 0.07 3417
0.13 0.07 3496
0.1625 0.07 3544
0.195 0.07 3589
0.2275 0.07 3606
0.26 0.07 3610
0.2925 0.07 3606
0.325 0.07 3583
-0.325 0.105 1334
-0.2925 0.105 1460
-0.26 0.105 1568
-0.2275 0.105 1646
-0.195 0.105 1715
-0.1625 0.105 1773
-0.13 0.105 1819
-0.0975 0.105 1890
-0.065 0.105 1967
-0.0325 0.105 2059
0 0.105 2138
0.0325 0.105 2249
0.065 0.105 2392
0.0975 0.105 2598
0.13 0.105 2821
0.1625 0.105 2914
0.195 0.105 2977
0.2275 0.105 3017
0.26 0.105 3023
0.2925 0.105 3000
0.325 0.105 2953
-0.325 0.14 1421
-0.2925 0.14 1522
-0.26 0.14 1614
-0.2275 0.14 1691
-0.195 0.14 1746
-0.1625 0.14 1779
-0.13 0.14 1815
-0.0975 0.14 1825
-0.065 0.14 1822
-0.0325 0.14 1817
0 0.14 1829
0.0325 0.14 1855
0.065 0.14 1875
0.0975 0.14 1888
0.13 0.14 1896
0.1625 0.14 1918
0.195 0.14 1939
0.2275 0.14 2090
0.26 0.14 2093
0.2925 0.14 1988
0.325 0.14 1996
-0.325 0.175 1452
-0.2925 0.175 1557
-0.26 0.175 1636
-0.2275 0.175 1687
-0.195 0.175 1738
-0.1625 0.175 1767
-0.13 0.175 1779
-0.0975 0.175 1786
-0.065 0.175 1765
-0.0325 0.175 1718
0 0.175 1666
0.0325 0.175 1601
0.065 0.175 1523
0.0975 0.175 1463
0.13 0.175 1404
0.1625 0.175 1306
0.195 0.175 1166
0.2275 0.175 967
0.26 0.175 961
0.2925 0.175 1059
0.325 0.175 1309
